cnn_f_lgb
530.724609375
2162.0791015625
3640.788330078125
1537.1036376953125
2466.11767578125
2202.280517578125
626.4287109375
2430.015625
2563.686767578125
2006.013671875
1909.89990234375
1920.7069091796875
633.939208984375
2005.4832763671875
2424.227294921875
1777.0076904296875
1891.4228515625
1978.2142333984375
270.17791748046875
1962.95654296875
2388.03662109375
1975.2020263671875
2236.966796875
1404.4560546875
1818.893798828125
2829.434814453125
1697.5638427734375
1769.7529296875
864.3218994140625
820.6915893554688
2795.06689453125
2370.53271484375
1372.50146484375
1891.4228515625
1703.2646484375
270.17791748046875
1687.8349609375
1903.2769775390625
2068.3359375
1490.3892822265625
1607.0029296875
414.19012451171875
1964.9332275390625
2415.454833984375
1485.2362060546875
1714.700927734375
1714.700927734375
504.2698669433594
2437.49462890625
2050.25830078125
1945.077880859375
1124.0882568359375
1891.4228515625
484.8774719238281
1964.9332275390625
2113.014404296875
2272.749267578125
1587.55224609375
1922.89111328125
484.8774719238281
2323.450439453125
2437.282958984375
2032.22802734375
1497.2391357421875
1906.947021484375
633.939208984375
2108.178955078125
2379.048828125
1920.7069091796875
1177.760498046875
2113.014404296875
626.4287109375
1818.890869140625
2271.55322265625
1833.884033203125
1964.9332275390625
2006.013671875
484.8774719238281
2294.343994140625
2320.304931640625
2272.749267578125
1635.7979736328125
2243.717041015625
311.5125732421875
1754.36083984375
2313.334716796875
2286.342041015625
2201.273681640625
2293.380615234375
1660.8507080078125
2558.855224609375
2379.048828125
2291.4248046875
1714.8370361328125
1889.4461669921875
399.88970947265625
2508.288330078125
2327.407470703125
2761.608642578125
1530.6279296875
2160.166259765625
611.3262939453125
2321.595458984375
1860.781494140625
2434.33935546875
2247.794921875
1053.25
424.1482238769531
3356.093017578125
2698.0478515625
2236.731201171875
2187.752685546875
476.5296325683594
1374.74072265625
1862.8875732421875
742.6820068359375
608.1602783203125
708.263916015625
289.57025146484375
1652.251953125
1442.592041015625
835.8406982421875
3092.024658203125
1656.88671875
2412.2021484375
4209.6494140625
4451.1591796875
2147.264404296875
1295.1390380859375
1983.5584716796875
2461.06103515625
2397.8974609375
2419.999267578125
4020.96728515625
3386.13232421875
3182.877197265625
2221.20703125
2416.25146484375
3400.635498046875
1884.2313232421875
3113.8662109375
3066.218994140625
2462.654541015625
1014.347412109375
2896.4453125
387.7740173339844
2339.33984375
3130.633056640625
2168.394287109375
1656.5528564453125
1955.8507080078125
923.3067016601562
2347.696533203125
2252.663330078125
2448.61376953125
2442.706298828125
1961.304443359375
289.57025146484375
2236.966796875
2944.61279296875
2841.615234375
2024.55712890625
1929.402587890625
399.88970947265625
2353.557373046875
2599.129150390625
2820.128662109375
2463.320556640625
2162.0791015625
326.65032958984375
2257.036376953125
2446.19921875
4086.380615234375
2067.835205078125
2388.78466796875
746.731689453125
3114.783447265625
2353.60888671875
3366.76904296875
2024.55712890625
2920.9521484375
3621.989013671875
3859.472900390625
3666.9921875
3749.114013671875
2805.229248046875
2286.037841796875
326.65032958984375
3221.25244140625
3815.171630859375
3175.30908203125
2466.11767578125
3073.06103515625
513.6096801757812
3093.60546875
2364.58837890625
4132.8857421875
2317.469482421875
2569.552734375
1947.1109619140625
1306.030029296875
2949.90380859375
3751.70068359375
1691.110595703125
2630.7421875
384.6653137207031
3862.3720703125
4653.16259765625
2698.0478515625
2769.343017578125
2256.72021484375
579.9822387695312
3079.5771484375
3943.594482421875
3676.8466796875
1678.28173828125
1624.680908203125
4451.1591796875
3246.326904296875
3982.42431640625
1988.7803955078125
2356.400390625
1816.0479736328125
2536.53857421875
2331.732177734375
1117.0078125
1891.4228515625
2501.4130859375
1895.8721923828125
